v -6.21001366492891 1.92042860385561 3.66762935006377
v -1.69724906422914 1.92044112916582 3.65733059798298
v -1.69724906381684 0.795406945484952 3.65596251557656
v -6.21001366451661 0.795394420174734 3.66626126765735
v -1.69227857850189 0.792758428464501 5.83395425944745
v -6.20504317920165 0.792745903154282 5.84425301152824
v -1.69227857891419 1.91779261214537 5.83532234185388
v -6.20504317961395 1.91778008683515 5.84562109393466
v -6.20257549642923 1.70107933152197 3.65615191140585
v -1.68981089680723 1.70105134150755 3.645852717494
v -1.68981088946526 0.576020489395543 3.64891341938972
v -6.20257548908727 0.57604847940997 3.65921261330156
v -1.68484017622929 0.581945805791185 5.82689871304346
v -6.19760477585129 0.581973795805612 5.83719790695531
v -1.68484018357125 1.70697665790319 5.82383801114775
v -6.19760478319325 1.70700464791762 5.83413720505959
v -5.66073450839304 -0.443952606825774 7.07504557768808
v -1.17873265239932 0.0821095928229972 7.06677933611709
v -1.04759430351898 -1.03524735884889 7.06231143914022
v -5.5295961595127 -1.56130955849766 7.07057768071121
v -1.04262370284019 -1.04337291426884 9.24028963582044
v -5.52462555883392 -1.56943511391761 9.24855587739144
v -1.17376205172053 0.0739840374030472 9.24475753279731
v -5.65576390771426 -0.452078162245724 9.25302377436831
v -6.18890420380877 1.94330530460439 0.218144692368326
v -1.70068492614494 1.47331471403843 0.20602173206711
v -1.81786441132589 0.354406740688612 0.201814413812175
v -6.30608368898971 0.824397331254576 0.213937374113391
v -1.81289366360829 0.34569654484769 2.37979035052313
v -6.30111294127211 0.815687135413654 2.39191331082435
v -1.69571417842735 1.4646045181975 2.38399766877807
v -6.18393345609117 1.93459510876347 2.39612062907929
v -6.2079206189515 1.77248509894031 7.07606314136501
v -1.72591876170646 2.29850891810066 7.06563725492253
v -1.59478041489331 1.18114303989329 7.0657568916041
v -6.07678227213836 0.655119220732934 7.07618277804657
v -1.58980987263373 1.18195960015482 9.2437500926209
v -6.07181172987878 0.655935780994463 9.25417597906338
v -1.72094821944688 2.29932547836219 9.24363045593934
v -6.20295007669193 1.77330165920184 9.25405634238181
v -6.20256860758235 2.36945693064327 10.3690783407711
v -1.68980400698587 2.37028177353483 10.3588126202549
v -1.68958023539783 1.24527505056437 10.3667881639664
v -6.20234483599431 1.24445020767281 10.3770538844826
v -1.68462864250933 1.26071616097018 12.5447268248506
v -6.1973932431058 1.25989131807862 12.5549925453667
v -1.68485241409736 2.38572288394065 12.536751281139
v -6.19761701469384 2.38489804104908 12.5470170016552
v -6.20256864696756 0.999575895336656 10.3691297917773
v -1.68980404674593 1.00046240565892 10.3588690478388
v -1.68958027220202 -0.124571929348002 10.3600860443253
v -6.20234487242365 -0.125458439670264 10.3703467882638
v -1.6846286002388 -0.122214919668146 12.5380781660251
v -6.19739320046043 -0.123101429990408 12.5483389099636
v -1.68485237478271 1.00281941533877 12.5368611695386
v -6.19761697500434 1.00193290501651 12.5471219134772
v -6.20257280984256 -0.279227866261928 10.3691637170471
v -1.68980820909933 -0.278608382816836 10.3588836246713
v -1.68965568898588 -1.40364307309926 10.3580419010204
v -6.20242028972911 -1.40426255654435 10.3683219933963
v -1.6846939908151 -1.40527192177287 12.536034666192
v -6.19745859155834 -1.40589140521796 12.5463147585678
v -1.68484651092856 -0.280237231490449 12.5368763898428
v -6.19761111167179 -0.280856714935542 12.5471564822187
v 1.37119162817883 2.35413044245299 10.3691117915548
v 5.88395622893673 2.35481004908074 10.3588355051949
v 5.88417999905293 1.230028554272 10.3827169825928
v 1.37141539829502 1.22934894764425 10.3929932689528
v 5.88913155792095 1.27626250091787 12.560219602793
v 1.37636695716304 1.27558289429012 12.570495889153
v 5.88890778780476 2.40104399572661 12.5363381253951
v 1.37614318704685 2.40036438909886 12.546614411755
v 1.55815294589278 0.993142694959145 10.3690786910081
v 6.07091754665069 0.993968274412814 10.3588131006653
v 6.07114131676689 -0.131039022066166 10.36670733248
v 1.55837671600898 -0.131864601519836 10.3769729228228
v 6.07609287563491 -0.115755326131028 12.5446471037868
v 1.563328274877 -0.116580905584698 12.5549126941296
v 6.07586910551871 1.00925197034795 12.536752871972
v 1.5631045047608 1.00842639089428 12.5470184623148
v 1.12218132802541 -0.0877078692825344 10.3645102103956
v 5.61438512131031 -0.518119680026566 10.363433851261
v 5.50711362137692 -1.63777132014741 10.3874508489228
v 1.01490982809202 -1.20735950940338 10.3885272080575
v 5.51206518024494 -1.59153737350154 12.564953469123
v 1.01986138696004 -1.16112556275751 12.5660298282577
v 5.61933668017833 -0.471885733380692 12.5409364714612
v 1.12713288689343 -0.0414739226366605 12.5420128305958
v 1.21632154010126 2.3648295804357 12.3885212349667
v 5.729086140043 2.36561060985193 12.3782518004193
v 5.72930991700201 1.24064818565456 12.3910299132617
v 1.21654531706027 1.23986715623834 12.4012993478092
v 5.73426164797205 1.26538675252148 14.568882810132
v 1.22149704803031 1.26460572310525 14.5791522446795
v 5.73403787101303 2.39034917671885 14.5561046972895
v 1.22127327107129 2.38956814730262 14.566374131837
v -0.741720030897731 0.996717166024377 12.3885578232254
v 3.77104456967758 0.997576599321546 12.3782949313821
v 3.7712683411843 -0.127450612907343 12.3824791601956
v -0.741496259391005 -0.128310046204512 12.3927420520389
v 3.77621993858066 -0.119349237570876 14.5604574902387
v -0.736544661994652 -0.120208670868045 14.570720382082
v 3.77599616707393 1.00567797465801 14.5562732614252
v -0.736768433501378 1.00481854136084 14.5665361532685
v 0.67980502200011 -0.283677550600363 12.3885623495392
v 5.19256962269672 -0.282813050802592 12.378299936573
v 5.19279339325125 -1.40784219290336 12.3819283591921
v 0.68002879255464 -1.40870669270113 12.3921907721582
v 5.19774496505844 -1.40081682163525 14.559910425884
v 0.684980364361835 -1.40168132143302 14.5701728388502
v 5.19752119450391 -0.275787679534478 14.5562820032649
v 0.684756593807304 -0.276652179332248 14.5665444162311
v -6.05670724249452 2.36482958043569 12.3885212349667
v -1.54394264255278 2.36561060985192 12.3782518004193
v -1.54371886559377 1.24064818565456 12.3910299132617
v -6.05648346553551 1.23986715623833 12.4012993478092
v -1.53876713462373 1.26538675252147 14.568882810132
v -6.05153173456547 1.26460572310524 14.5791522446795
v -1.53899091158275 2.39034917671884 14.5561046972895
v -6.05175551152448 2.38956814730261 14.566374131837
v -5.82074788315373 0.996717166024376 12.3885578232254
v -1.30798328257842 0.997576599321545 12.3782949313821
v -1.30775951107169 -0.127450612907344 12.3824791601956
v -5.820524111647 -0.128310046204513 12.3927420520389
v -1.30280791367534 -0.119349237570877 14.5604574902387
v -5.81557251425065 -0.120208670868046 14.570720382082
v -1.30303168518207 1.00567797465801 14.5562732614252
v -5.81579628575738 1.00481854136084 14.5665361532685
v -5.17162442180777 -0.283677550600364 12.3885623495392
v -0.658859821111164 -0.282813050802594 12.378299936573
v -0.658636050556633 -1.40784219290336 12.3819283591921
v -5.17140065125324 -1.40870669270113 12.3921907721582
v -0.653684478749439 -1.40081682163525 14.559910425884
v -5.16644907944605 -1.40168132143302 14.5701728388502
v -0.65390824930397 -0.275787679534479 14.5562820032649
v -5.16667285000058 -0.27665217933225 14.5665444162311
v -4.31809044788401 0.379698744338115 3.65615191140585
v 0.194674151737987 0.379670754323687 3.645852717494
v 0.194674159079949 -0.745360097788316 3.64891341938972
v -4.31809044054205 -0.745332107773888 3.65921261330156
v 0.199644872315924 -0.739434781392674 5.82689871304346
v -4.31311972730608 -0.739406791378246 5.83719790695531
v 0.199644864973962 0.385596070719329 5.82383801114774
v -4.31311973464804 0.385624060733757 5.83413720505959
v -6.18890420380877 0.531324380984885 0.218144692368326
v -1.70068492614495 0.0613337904189208 0.20602173206711
v -1.81786441132589 -1.05757418293089 0.201814413812175
v -6.30608368898971 -0.587583592364929 0.213937374113391
v -1.81289366360829 -1.06628437877181 2.37979035052313
v -6.30111294127211 -0.59629378820585 2.39191331082435
v -1.69571417842735 0.0526235945779992 2.38399766877807
v -6.18393345609117 0.522614185143963 2.39612062907928
v -1.687465058657 1.70229158694334 3.6561642971067
v 2.82529954102484 1.70227510967515 3.6458651045572
v 2.82529954677458 0.577241537999473 3.64766752033154
v -1.68746505290725 0.577258015267666 3.65796671288103
v 2.83027024735808 0.580730895709815 5.82565807890955
v -1.68249435232375 0.580747372978008 5.83595727145904
v 2.83027024160834 1.70576446738549 5.82385566313521
v -1.68249435807349 1.70578094465369 5.8341548556847
v 1.1750983780106 -0.154977841002454 7.04229656958729
v 5.68786303178949 -0.154299769242782 7.03204349186487
v 5.68803639986381 -1.27933316120213 7.03394691507115
v 1.17527174608491 -1.28001123296181 7.04419999279357
v 5.69298427688858 -1.27564749721274 9.2119372022695
v 1.18021962310969 -1.27632556897241 9.22219027999191
v 5.69281090881427 -0.150614105253388 9.21003377906322
v 1.18004625503538 -0.15129217701306 9.22028685678564
v -0.196428685596661 1.70253801497723 0.217156649940919
v 4.31633591318325 1.70252390883962 0.206857058684675
v 4.31633592638872 0.577489956423236 0.20840367122032
v -0.196428672391187 0.577504062560853 0.218703262476564
v 4.32130681770052 0.580484096020657 2.3863949664518
v -0.191457781079384 0.580498202158274 2.39669455770804
v 4.32130680449505 1.70551804843704 2.38484835391615
v -0.191457794284858 1.70553215457465 2.39514794517239
v 5.91105675353879 3.94260182713935 0.223952989553338
v 5.91105677271646 -0.570138227571246 0.242052834603076
v 4.78602468706652 -0.570127934386472 0.244620372754817
v 4.78602466788885 3.94261212032412 0.226520527705079
v 4.79099532393899 -0.561392437822422 2.42259620838874
v 4.79099530476132 3.95134761688817 2.40449636333901
v 5.91602740958892 -0.561402731007195 2.420028670237
v 5.91602739041126 3.9513373237034 2.40192882518727
v -0.219147878232032 2.04594617154543 7.04235397556886
v 4.2936167211455 2.04595588607483 7.0320546410877
v 4.29361673157045 0.92092136672648 7.03099805479957
v -0.219147867807087 0.92091165219708 7.04129738928074
v 4.29858749650411 0.918875885626337 9.20899044786239
v -0.214177102873422 0.918866171096937 9.21928978234355
v 4.29858748607917 2.04391040497469 9.21004703415051
v -0.214177113298368 2.04390069044529 9.22034636863168
v 5.47572938729466 2.15643849952401 5.82320299696809
v 1.742709141308 -0.379222111277636 5.83484411645549
v 2.37485070679156 -1.30986744606571 5.83454725767219
v 6.10787095277823 1.22579316473594 5.82290613818479
v 2.36988021230022 -1.3125489189196 3.65655555414706
v 6.10290045828688 1.22311169188205 3.64491443465966
v 1.73773864681665 -0.38190358413153 3.65685241293036
v 5.47075889280332 2.15375702667012 3.64521129344297
v 0.637999250026973 2.83242608984428 12.4462949342967
v -1.63668871833341 -1.06510737835729 12.4596334733974
v -0.665042514700316 -1.63219627005826 12.4554346670531
v 1.60964545366007 2.26533719814332 12.4420961279524
v -0.675307885942388 -1.63365885646805 10.2774603238317
v 1.599380082418 2.26387461173352 10.264121784731
v -1.64695408957548 -1.06656996476709 10.281659130176
v 0.627733878784901 2.83096350343449 10.2683205910753
v -0.196464588087074 0.266186371660981 0.217181072788076
v 4.3161610745459 0.30158346980813 0.206833117953572
v 4.324989085207 -0.823415873471759 0.208359534522165
v -0.187636577425976 -0.858812971618908 0.218707489356668
v 4.3299599765188 -0.820421733874339 2.38635082975364
v -0.182665686114173 -0.855818832021488 2.39669878458814
v 4.32113196585771 0.304577609405551 2.38482441318505
v -0.191493696775271 0.269180511258402 2.39517236801955
v -6.63535451012959 -1.55301632217848 0.0999410634278625
v -6.1971869681451 -1.55301632217848 0.0999410634278625
v -6.1971869681451 -1.55301632217848 14.1101146307517
v -6.63535451012959 -1.55301632217848 14.1101146307517
v -6.1971869681451 2.88355068897638 14.1101146307517
v -6.1971869681451 3.45994043225066 14.1101146307517
v -6.63535451012959 3.45994043225066 14.1101146307517
v 6.81242354585743 3.45782582841207 0.0999410634278625
v 6.81242354585743 3.45994043225066 14.1101146307517
v 6.81242354585743 -1.55301632217848 14.1062779063628
v 6.81242354585743 -1.55301632217848 0.102279943431143
v -6.63535451012959 3.45994043225066 0.0999410634278625
v -6.1971869681451 3.01984651820866 0.0999410634278625
v 6.2605780253573 3.01984651820866 0.0999410634278625
v 6.2605780253573 2.88355068897638 14.1101146307517
v 6.2605780253573 3.45994043225066 14.1101146307517
v 6.2605780253573 -1.55301632217848 14.1062779063628
v 6.2605780253573 -1.55301632217848 0.102279943431143
v -6.38728304485011 -1.35645428354659 10.0861837231894
v 6.5321203917656 -1.35645428354659 10.0861837231894
v 6.5321203917656 -1.35645428354659 10.2972836632115
v -6.38728304485011 -1.35645428354659 10.2972836632115
v 6.5321203917656 2.96919214443898 10.2972836632115
v -6.38728304485011 2.96919214443898 10.2972836632115
v -6.38728304485011 2.96919214443898 10.0861837231894
v 6.5321203917656 2.96919214443898 10.0861837231894
v 6.5321203917656 2.96339300360892 10.0861837231894
v -6.38728304485011 2.96339300360892 10.0861837231894
v -6.38728304485011 -1.35645428354659 6.7689269859334
v 6.5321203917656 -1.35645428354659 6.7689269859334
v 6.5321203917656 -1.35645428354659 6.98003093088706
v -6.38728304485011 -1.35645428354659 6.98003093088706
v 6.5321203917656 2.96919214443898 6.98003093088706
v -6.38728304485011 2.96919214443898 6.98003093088706
v -6.38728304485011 2.96339300360892 6.7689269859334
v 6.5321203917656 2.96339300360892 6.7689269859334
v -6.38728304485011 -1.35645428354659 3.45167625607468
v 6.5321203917656 -1.35645428354659 3.45167625607468
v 6.5321203917656 -1.35645428354659 3.66278020102834
v -6.38728304485011 -1.35645428354659 3.66278020102834
v 6.5321203917656 2.96919214443898 3.66278020102834
v -6.38728304485011 2.96919214443898 3.66278020102834
v -6.38728304485011 2.96339300360892 3.45167625607468
v 6.5321203917656 2.96339300360892 3.45167625607468
v -7.206062757437 -1.90353769017017 14.7364999365619
v 6.81779065470057 -1.90353844109483 14.7365309747811
v 6.81779065470057 3.26787217708397 14.736539985877
v -7.206062757437 3.26787292800863 14.7365089476578
v -7.206062757437 -1.90353819078661 -1.44776321771577
v 6.81779065470057 -1.90353819078661 -1.44776321771577
v 6.81779065470057 -1.90353819078661 13.9865204418112
v -7.206062757437 -1.90353819078661 13.9865204418112
v 6.81779065470057 3.26787267770041 -1.44776321771577
v 6.81779065470057 3.26787267770041 13.9865204418112
v -7.206062757437 3.26787267770041 -1.44776321771577
v -7.206062757437 3.26787267770041 13.9865204418112
v -8.96556283545306 -2.34797820644429 0.121419800548103
v 9.14263086994802 -2.34798020891004 0.121419237354609
v 9.14263086994802 3.44782851812408 0.121419206066082
v -8.96556283545306 3.44783052058983 0.121419769259575
vt 0 0
vt 1 0
vt 1 1
vt 0 1
vt 1 2
vt 0 2
vt 1 3
vt 0 3
vt 2 0
vt 2 1
vt -1 0
vt -1 1
vt 0.512745559215546 0.142301127314568
vt 0.496946752071381 0.142301127314568
vt 0.496946752071381 0.870169699192047
vt 0.512745559215546 0.870170056819916
vt 0.590702056884766 0.996972680091858
vt 0.611976623535156 0.996972560882568
vt 0.611976623535156 0.902972519397736
vt 0.611976623535156 0.870170414447784
vt 0.590702056884766 0.870170414447784
vt 0.90412563085556 0.142301127314568
vt 0.90412563085556 0.870169878005981
vt 0.982943415641785 0.870021045207977
vt 0.982943415641785 0.142301127314568
vt 0.590702056884766 0.142301127314568
vt 0.00402500620111823 0.135433837771416
vt 0.0967745929956436 0.135433837771416
vt 0.0967746078968048 0.867409586906433
vt 0.00402500620111823 0.867409586906433
vt 0.374622195959091 0.135433837771416
vt 0.374622106552124 0.867409586906433
vt 0.884003639221191 0.870169878005981
vt 0.884003639221191 0.902971267700195
vt 0.884003639221191 0.998658180236816
vt 0.90412563085556 0.998658299446106
vt 0.998658299446106 0.869847059249878
vt 0.998658299446106 0.142301127314568
vt 0.470494776964188 0.135433837771416
vt 0.47049605846405 0.867409586906433
vt 1.88591315009035e-07 0.487621963024139
vt 0.999999821186066 0.487621515989304
vt 0.999999821186066 0.519510388374329
vt 1.75025178350552e-07 0.519510388374329
vt 1 0.999999940395355
vt 2.99058370956118e-07 1.00000011920929
vn -0.00228213385584281 0.00121603223370627 -0.999996656559746
vn 3.66480307054935e-10 -0.999999260628678 -0.00121603540118496
vn 0.00228213385584281 -0.00121603223370627 0.999996656559746
vn 0.999997395929142 2.77552203802936e-06 -0.00228213216805283
vn -0.999997395929142 -2.77552203802936e-06 0.00228213216805283
vn -0.00228223850282265 -0.0027205321605903 -0.999993695026213
vn 6.525985733586e-09 -0.999996299326299 0.00272053923082307
vn 0.00228223850282265 0.0027205321605903 0.999993695026213
vn 0.999997395690317 -6.20239343643672e-06 -0.0022822300747568
vn -0.999997395690317 6.20239343643672e-06 0.0022822300747568
vn -0.0022821868236483 0.00373074336737378 -0.999990436542885
vn 0.116563793191909 -0.993175266794519 -0.0039713403719136
vn 0.0022821868236483 -0.00373074336737378 0.999990436542885
vn 0.993180584657199 0.116571741779741 -0.00183174190912519
vn -0.993180584657199 -0.116571741779741 0.00183174190912519
vn -0.00228225433461315 0.0039991734327798 -0.999989398907312
vn -0.104156300529824 -0.994553909820341 -0.00373972205039939
vn 0.00228225433461315 -0.0039991734327798 0.999989398907312
vn 0.994558322259229 -0.104146661362369 -0.00268636408162941
vn -0.994558322259229 0.104146661362369 0.00268636408162941
vn -0.00228216000122795 -0.000374913051762685 -0.99999732558939
vn 0.11656379135446 -0.993183201245768 0.000106340407115819
vn 0.00228216000122795 0.000374913051762685 0.99999732558939
vn 0.993180584934483 0.116563236929196 -0.00231030426251637
vn -0.993180584934483 -0.116563236929196 0.00231030426251637
vn -0.00227345964330981 -0.00708958554266135 -0.999972284194959
vn 0.000198901887455705 -0.999974851868034 0.00708915153895641
vn 0.00227345964330981 0.00708958554266135 0.999972284194959
vn 0.999997395906254 0.000182779474800646 -0.00227481260199239
vn -0.999997395906254 -0.000182779474800646 0.00227481260199239
vn -0.00227349594943651 -0.00108219041966873 -0.999996830035007
vn 0.000198904514820197 -0.999999395136534 0.00108174098556357
vn 0.00227349594943651 0.00108219041966873 0.999996830035007
vn 0.99999739582319 0.00019644455055083 -0.00227370982684224
vn -0.99999739582319 -0.00019644455055083 0.00227370982684224
vn -0.00227809935257694 0.000747864739266835 -0.999997125476704
vn 0.000135569214605113 -0.999999710927152 -0.000748175513867266
vn 0.00227809935257694 -0.000747864739266835 0.999997125476704
vn 0.999997395938773 0.000137273243062002 -0.00227799730660494
vn -0.999997395938773 -0.000137273243062002 0.00227799730660494
vn -0.00227344402324481 -0.0212277168614359 -0.999772081771202
vn 0.000198900579194903 -0.99977465528871 0.0212273192113723
vn 0.00227344402324481 0.0212277168614359 0.999772081771202
vn 0.999997395942026 0.000150596124136583 -0.00227715391983649
vn -0.999997395942026 -0.000150596124136583 0.00227715391983649
vn -0.00227344402324481 -0.00701731073041231 -0.999972794031111
vn 0.000198900579194903 -0.999975361637518 0.00701687654695896
vn 0.00227344402324481 0.00701731073041231 0.999972794031111
vn 0.999997395942026 0.000182942691864403 -0.00227478375647556
vn -0.999997395942026 -0.000182942691864403 0.00227478375647556
vn -0.0953494766434088 -0.995214926376083 0.0213477779189124
vn 0.995441263338074 -0.0953762777376949 -0.000238513733141413
vn -0.995441263338074 0.0953762777376949 0.000238513733141413
vn -0.00227352304165227 -0.0113583920713258 -0.999932906760515
vn 0.000198906661510242 -0.999935476406394 0.0113579690111086
vn 0.00227352304165227 0.0113583920713258 0.999932906760515
vn 0.999997395761169 0.000173070711964839 -0.00227563560562251
vn -0.999997395761169 -0.000173070711964839 0.00227563560562251
vn -0.00227346171302891 -0.00371964139570336 -0.999990497774717
vn 0.000198901815181833 -0.999993063975342 0.00371919874118176
vn 0.00227346171302891 0.00371964139570336 0.999990497774717
vn 0.999997395901563 0.000190444469230754 -0.00227418578766784
vn -0.999997395901563 -0.000190444469230754 0.00227418578766784
vn -0.00227344996409832 -0.00322560808551052 -0.999992213408554
vn 0.000198900968812456 -0.999994779363621 0.00322516416741893
vn 0.00227344996409832 0.00322560808551052 0.999992213408554
vn 0.999997395928442 0.000191567170691244 -0.00227407967181595
vn -0.999997395928442 -0.000191567170691244 0.00227407967181595
vn -0.00228223269360453 -0.0016020933291887 -0.999996112347892
vn 5.1107217889485e-09 -0.999998716640993 0.00160209748986152
vn 0.00228223269360453 0.0016020933291887 0.999996112347892
vn 0.999997395703575 -3.65124856778373e-06 -0.0022822297728685
vn -0.999997395703575 3.65124856778373e-06 0.0022822297728685
vn -0.00227175355267839 -0.00169222481075425 -0.999995987747444
vn 0.000154100158593575 -0.99999855689812 0.00169187907936486
vn 0.00227175355267839 0.00169222481075425 0.999995987747444
vn 0.999997407691108 0.000150256007995571 -0.00227201104641829
vn -0.999997407691108 -0.000150256007995571 0.00227201104641829
vn -0.00228232026402922 -0.00137472035654868 -0.999996450572778
vn 1.17378331496637e-08 -0.999999055066639 0.00137472391022258
vn 0.00228232026402922 0.00137472035654868 0.999996450572778
vn 0.999997395503715 -3.12582244625971e-06 -0.0022823181235249
vn -0.999997395503715 3.12582244625971e-06 0.0022823181235249
vn -0.00228220344150923 -0.00401078993160617 -0.999989352499103
vn -0.999997395770335 9.14921280816128e-06 0.00228218510212449
vn 0.00228220344150923 0.00401078993160617 0.999989352499103
vn 4.24963760263118e-09 -0.999991956707861 0.00401080036695326
vn -4.24963760263118e-09 0.999991956707861 -0.00401080036695326
vn -0.00228226223914643 0.000939156113403716 -0.999996954627796
vn 9.26632973094391e-09 -0.999999558990483 -0.00093915858046263
vn 0.00228226223914643 -0.000939156113403716 0.999996954627796
vn 0.999997395636145 2.1526724662713e-06 -0.00228226122394453
vn -0.999997395636145 -2.1526724662713e-06 0.00228226122394453
vn 0.00228213806906222 0.00123116347713179 0.999996638035512
vn 0.561886125120209 -0.827214550628791 -0.000263866261237281
vn -0.00228213806906222 -0.00123116347713179 -0.999996638035512
vn -0.827211444700344 -0.56188483825825 0.00257959149282733
vn 0.827211444700344 0.56188483825825 -0.00257959149282733
vn 0.00471321204467577 0.000671527577568661 0.999988667277252
vn 0.863658633061924 -0.504063325930515 -0.00373215614312342
vn -0.00471321204467577 -0.000671527577568661 -0.999988667277252
vn -0.504055107274821 -0.863666435901373 0.00295572792876119
vn 0.504055107274821 0.863666435901373 -0.00295572792876119
vn 0.0078468763544912 -0.999968292347245 0.00135677249824486
vn 0.999966608215339 0.00784375191320823 -0.00229303515767066
vn -0.999966608215339 -0.00784375191320823 0.00229303515767066
vn 0 -1 0
vn 0 0 1
vn 1 0 -2.9946768620448e-08
vn -1 0 0
vn 1 0 0
vn 0 -0.999952682993777 -0.00972788638644957
vn 0.000399701000218911 -0.000765275780681324 0.999999627295975
vn 0 0 -1
vn -2.21324467019334e-06 -1.62334833930188e-06 0.999999999996233
vn 3.11015853071694e-08 6.25980778323765e-09 1
g MoneyStack6 money geometry props
f 1/1/1 2/2/1 3/3/1 4/4/1
f 4/4/2 3/3/2 5/5/2 6/6/2
f 6/6/3 5/5/3 7/7/3 8/8/3
f 2/2/4 7/9/4 5/10/4 3/3/4
f 8/11/5 1/1/5 4/4/5 6/12/5
g MoneyStack7 money geometry props
f 9/1/6 10/2/6 11/3/6 12/4/6
f 12/4/7 11/3/7 13/5/7 14/6/7
f 14/6/8 13/5/8 15/7/8 16/8/8
f 10/2/9 15/9/9 13/10/9 11/3/9
f 16/11/10 9/1/10 12/4/10 14/12/10
g MoneyStack9 money geometry props
f 17/1/11 18/2/11 19/3/11 20/4/11
f 20/4/12 19/3/12 21/5/12 22/6/12
f 22/6/13 21/5/13 23/7/13 24/8/13
f 18/2/14 23/9/14 21/10/14 19/3/14
f 24/11/15 17/1/15 20/4/15 22/12/15
g MoneyStack10 money geometry props
f 25/1/16 26/2/16 27/3/16 28/4/16
f 28/4/17 27/3/17 29/5/17 30/6/17
f 30/6/18 29/5/18 31/7/18 32/8/18
f 26/2/19 31/9/19 29/10/19 27/3/19
f 32/11/20 25/1/20 28/4/20 30/12/20
g MoneyStack14 money geometry props
f 33/1/21 34/2/21 35/3/21 36/4/21
f 36/4/22 35/3/22 37/5/22 38/6/22
f 38/6/23 37/5/23 39/7/23 40/8/23
f 34/2/24 39/9/24 37/10/24 35/3/24
f 40/11/25 33/1/25 36/4/25 38/12/25
g MoneyStack16 money geometry props
f 41/1/26 42/2/26 43/3/26 44/4/26
f 44/4/27 43/3/27 45/5/27 46/6/27
f 46/6/28 45/5/28 47/7/28 48/8/28
f 42/2/29 47/9/29 45/10/29 43/3/29
f 48/11/30 41/1/30 44/4/30 46/12/30
g MoneyStack19 money geometry props
f 49/1/31 50/2/31 51/3/31 52/4/31
f 52/4/32 51/3/32 53/5/32 54/6/32
f 54/6/33 53/5/33 55/7/33 56/8/33
f 50/2/34 55/9/34 53/10/34 51/3/34
f 56/11/35 49/1/35 52/4/35 54/12/35
g MoneyStack20 money geometry props
f 57/1/36 58/2/36 59/3/36 60/4/36
f 60/4/37 59/3/37 61/5/37 62/6/37
f 62/6/38 61/5/38 63/7/38 64/8/38
f 58/2/39 63/9/39 61/10/39 59/3/39
f 64/11/40 57/1/40 60/4/40 62/12/40
g MoneyStack21 money geometry props
f 65/1/41 66/2/41 67/3/41 68/4/41
f 68/4/42 67/3/42 69/5/42 70/6/42
f 70/6/43 69/5/43 71/7/43 72/8/43
f 66/2/44 71/9/44 69/10/44 67/3/44
f 72/11/45 65/1/45 68/4/45 70/12/45
g MoneyStack22 money geometry props
f 73/1/46 74/2/46 75/3/46 76/4/46
f 76/4/47 75/3/47 77/5/47 78/6/47
f 78/6/48 77/5/48 79/7/48 80/8/48
f 74/2/49 79/9/49 77/10/49 75/3/49
f 80/11/50 73/1/50 76/4/50 78/12/50
g MoneyStack23 money geometry props
f 81/1/41 82/2/41 83/3/41 84/4/41
f 84/4/51 83/3/51 85/5/51 86/6/51
f 86/6/43 85/5/43 87/7/43 88/8/43
f 82/2/52 87/9/52 85/10/52 83/3/52
f 88/11/53 81/1/53 84/4/53 86/12/53
g MoneyStack25 money geometry props
f 89/1/54 90/2/54 91/3/54 92/4/54
f 92/4/55 91/3/55 93/5/55 94/6/55
f 94/6/56 93/5/56 95/7/56 96/8/56
f 90/2/57 95/9/57 93/10/57 91/3/57
f 96/11/58 89/1/58 92/4/58 94/12/58
g MoneyStack26 money geometry props
f 97/1/59 98/2/59 99/3/59 100/4/59
f 100/4/60 99/3/60 101/5/60 102/6/60
f 102/6/61 101/5/61 103/7/61 104/8/61
f 98/2/62 103/9/62 101/10/62 99/3/62
f 104/11/63 97/1/63 100/4/63 102/12/63
g MoneyStack27 money geometry props
f 105/1/64 106/2/64 107/3/64 108/4/64
f 108/4/65 107/3/65 109/5/65 110/6/65
f 110/6/66 109/5/66 111/7/66 112/8/66
f 106/2/67 111/9/67 109/10/67 107/3/67
f 112/11/68 105/1/68 108/4/68 110/12/68
g MoneyStack28 money geometry props
f 113/1/54 114/2/54 115/3/54 116/4/54
f 116/4/55 115/3/55 117/5/55 118/6/55
f 118/6/56 117/5/56 119/7/56 120/8/56
f 114/2/57 119/9/57 117/10/57 115/3/57
f 120/11/58 113/1/58 116/4/58 118/12/58
g MoneyStack29 money geometry props
f 121/1/59 122/2/59 123/3/59 124/4/59
f 124/4/60 123/3/60 125/5/60 126/6/60
f 126/6/61 125/5/61 127/7/61 128/8/61
f 122/2/62 127/9/62 125/10/62 123/3/62
f 128/11/63 121/1/63 124/4/63 126/12/63
g MoneyStack30 money geometry props
f 129/1/64 130/2/64 131/3/64 132/4/64
f 132/4/65 131/3/65 133/5/65 134/6/65
f 134/6/66 133/5/66 135/7/66 136/8/66
f 130/2/67 135/9/67 133/10/67 131/3/67
f 136/11/68 129/1/68 132/4/68 134/12/68
g MoneyStack31 money geometry props
f 137/1/6 138/2/6 139/3/6 140/4/6
f 140/4/7 139/3/7 141/5/7 142/6/7
f 142/6/8 141/5/8 143/7/8 144/8/8
f 138/2/9 143/9/9 141/10/9 139/3/9
f 144/11/10 137/1/10 140/4/10 142/12/10
g MoneyStack32 money geometry props
f 145/1/16 146/2/16 147/3/16 148/4/16
f 148/4/17 147/3/17 149/5/17 150/6/17
f 150/6/18 149/5/18 151/7/18 152/8/18
f 146/2/19 151/9/19 149/10/19 147/3/19
f 152/11/20 145/1/20 148/4/20 150/12/20
g MoneyStack3 money geometry props
f 153/1/69 154/2/69 155/3/69 156/4/69
f 156/4/70 155/3/70 157/5/70 158/6/70
f 158/6/71 157/5/71 159/7/71 160/8/71
f 154/2/72 159/9/72 157/10/72 155/3/72
f 160/11/73 153/1/73 156/4/73 158/12/73
g MoneyStack34 money geometry props
f 161/1/74 162/2/74 163/3/74 164/4/74
f 164/4/75 163/3/75 165/5/75 166/6/75
f 166/6/76 165/5/76 167/7/76 168/8/76
f 162/2/77 167/9/77 165/10/77 163/3/77
f 168/11/78 161/1/78 164/4/78 166/12/78
g MoneyStack35 money geometry props
f 169/1/79 170/2/79 171/3/79 172/4/79
f 172/4/80 171/3/80 173/5/80 174/6/80
f 174/6/81 173/5/81 175/7/81 176/8/81
f 170/2/82 175/9/82 173/10/82 171/3/82
f 176/11/83 169/1/83 172/4/83 174/12/83
g MoneyStack12 money geometry props
f 177/1/84 178/2/84 179/3/84 180/4/84
f 180/4/85 179/3/85 181/5/85 182/6/85
f 182/6/86 181/5/86 183/7/86 184/8/86
f 178/2/87 183/9/87 181/10/87 179/3/87
f 184/11/88 177/1/88 180/4/88 182/12/88
g MoneyStack13 money geometry props
f 185/1/89 186/2/89 187/3/89 188/4/89
f 188/4/90 187/3/90 189/5/90 190/6/90
f 190/6/91 189/5/91 191/7/91 192/8/91
f 186/2/92 191/9/92 189/10/92 187/3/92
f 192/11/93 185/1/93 188/4/93 190/12/93
g MoneyStack15 money geometry props
f 193/1/94 194/2/94 195/3/94 196/4/94
f 196/4/95 195/3/95 197/5/95 198/6/95
f 198/6/96 197/5/96 199/7/96 200/8/96
f 194/2/97 199/9/97 197/10/97 195/3/97
f 200/11/98 193/1/98 196/4/98 198/12/98
g MoneyStack24 money geometry props
f 201/1/99 202/2/99 203/3/99 204/4/99
f 204/4/100 203/3/100 205/5/100 206/6/100
f 206/6/101 205/5/101 207/7/101 208/8/101
f 202/2/102 207/9/102 205/10/102 203/3/102
f 208/11/103 201/1/103 204/4/103 206/12/103
g MoneyStack33 money geometry props
f 209/1/79 210/2/79 211/3/79 212/4/79
f 212/4/104 211/3/104 213/5/104 214/6/104
f 214/6/81 213/5/81 215/7/81 216/8/81
f 210/2/105 215/9/105 213/10/105 211/3/105
f 216/11/106 209/1/106 212/4/106 214/12/106
g polySurface2 shelf_A1 shelf geometry props
f 217/13/107 218/14/107 219/15/107 220/16/107
f 220/17/108 219/18/108 221/19/108 222/20/108 223/21/108
f 224/22/109 225/23/109 226/24/109 227/25/109
f 228/26/110 217/13/110 220/16/110 223/21/110
f 218/27/111 229/28/111 221/29/111 219/30/111
f 221/29/112 229/28/112 230/31/112 231/32/112
f 225/23/113 232/33/113 231/34/113 233/35/113 226/36/113
f 233/37/107 234/38/107 227/25/107 226/24/107
f 231/32/110 230/31/110 234/39/110 233/40/110
g polySurface3 shelf_A1 shelf geometry props
f 235/41/107 236/42/107 237/43/107 238/44/107
f 238/44/108 237/43/108 239/45/108 240/46/108
f 241/44/114 242/43/114 236/3/114 235/46/114
f 241//108 235//108 236//108 242//108
f 235//108 236//108 243//108 244//108
g polySurface4 shelf_A1 shelf geometry props
f 245/41/107 246/42/107 247/43/107 248/44/107
f 248/44/108 247/43/108 249/45/108 250/46/108
f 246/44/114 245/43/114 251/45/114 252/46/114
g polySurface5 shelf_A1 shelf geometry props
f 253/41/107 254/42/107 255/43/107 256/44/107
f 256/44/108 255/43/108 257/45/108 258/46/108
f 254/44/114 253/43/114 259/45/114 260/46/114
g collision_shelfTop collision props
f 261//115 262//115 263//115 264//115
g collision_shelf collision props
f 265//107 266//107 267//107 268//107
f 266//111 269//111 270//111 267//111
f 271//110 265//110 268//110 272//110
g shadow shadow props
f 273/1/116 274/2/116 275/3/116 276/4/116
