<CoordinateSystem> { Y-Up }

<Comment> {
  "maya2egg_client -uo ft -tbnall -nv 60 -ui in -p -a model -cn amoreEel -o amoreEel-zero.egg amoreEel-zero.mb"
}
<Texture> lambert7SG {
  "amore_eel_body3.png"
  <Scalar> wrapu { repeat }
  <Scalar> wrapv { repeat }
  <Scalar> minfilter { linear_mipmap_linear }
  <Scalar> magfilter { linear }
}
<Texture> lambert20SG {
  "amore_eel_Eyelash.png"
  <Scalar> wrapu { repeat }
  <Scalar> wrapv { repeat }
  <Scalar> minfilter { linear_mipmap_linear }
  <Scalar> magfilter { linear }
}
<Texture> lambert11SG {
  "amore_eel_eye3.png"
  <Scalar> wrapu { repeat }
  <Scalar> wrapv { repeat }
  <Scalar> minfilter { linear_mipmap_linear }
  <Scalar> magfilter { linear }
}
<Group> amoreEel {
  <Dart> { 1 }
  <Group> ikHandle1 {
  }
  <Joint> joint_head_02 {
    <Transform> {
      <Matrix4> {
        0.430197177708443 -0.0495512379956162 0.901373986259195 0
        0.186514645829236 0.981826989597263 -0.0350435356317135 0
        -0.883256856855856 0.183195079932509 0.431621231527872 0
        0.0031778702 0.00162064954 1.54184858 1
      }
    }
    <Joint> joint4 {
      <Transform> {
        <Matrix4> {
          -0.904777943095782 0.0316743296971319 -0.424704144700287 0
          -0.254335515605439 -0.840060752933534 0.479177813428857 0
          -0.341599647524819 0.54156686403341 0.768124347089673 0
          -0.324143532077517 0.0106412616762357 -0.151652459198371 1
        }
      }
      <Joint> joint5 {
        <Transform> {
          <Matrix4> {
            0.999996861877566 0.00173307121774872 0.00180906030138386 0
            0.00171806044393016 -0.999964356918513 0.00826638741257311 0
            0.00182332205899961 -0.00826325339669283 -0.999964196429038 0
            0.133793052188416 0 0 1
          }
        }
        <Joint> joint6 {
          <Transform> {
            <Matrix4> {
              0.999873565139596 -0.00222685108834196 -0.0157446774900397 0
              -0.0157626112594746 -0.00827922357519251 -0.999841484708088 0
              0.00209614439333231 0.999963247120224 -0.00831327778075375 0
              0.166423520384424 0.000643867247749538 0.000495641067520396 1
            }
          }
          <Joint> joint7 {
            <Transform> {
              <Matrix4> {
                0.99965367214006 -0.0261042846442403 0.00333198140841787 0
                -0.026131082211158 -0.999624318603395 0.0082697157854611 0
                0.00311485463019825 -0.00835392003260023 -0.999960254060491 0
                0.168021445567411 -0.00352479609208208 0.00149318837337959 1
              }
            }
            <Joint> joint8 {
              <Transform> {
                <Matrix4> {
                  0.999429344996807 0.0337041163623726 -0.00223984362958095 0
                  -0.0337010042953658 0.999430961055969 0.00141293744548723 0
                  0.00228619087940263 -0.00133664616588331 0.999996493347997 0
                  0.164787406457747 -0.000431460123142954 -0.00139565282784209 1
                }
              }
              <Joint> joint9 {
                <Transform> {
                  <Matrix4> {
                    0.999435997749858 -0.001028931059287 -0.0335652752501899 0
                    -0.0335717794436891 -0.00713946504461349 -0.999410808258477 0
                    0.000788686712242709 0.999973984331468 -0.00716998141684866 0
                    0.166319915392221 -0.00577380908521521 -0.00134060986764029 1
                  }
                }
                <Joint> joint10 {
                  <Transform> {
                    <Matrix4> {
                      0.999675139567268 0.0254868086322642 0.000194722635117339 0
                      -0.0254872026497647 0.999672271969715 0.00239815679162212 0
                      -0.000133537455833443 -0.00240234066063077 0.99999710545936 0
                      0.166284537437515 -0.00406788388274354 -0.00550938219345011 1
                    }
                  }
                  <Joint> joint11 {
                    <Transform> {
                      <Matrix4> {
                        0.999805612489194 0.000933531247092825 -0.0196943076679165 0
                        -0.0196859239831187 -0.00826997189792444 -0.999772009991147 0
                        -0.00109618978225828 0.999965367442402 -0.00824998689350664 0
                        0.164494072837175 -0.00827759084696483 -0.0054958914593623 1
                      }
                    }
                    <Joint> joint12 {
                      <Transform> {
                        <Matrix4> {
                          0.999803618476094 0.0197926205246141 0.00098825850714828 0
                          -0.0197837874195626 0.999770116628315 -0.00826532832633992 0
                          -0.00115162383002515 0.00824415367234662 0.999965353246192 0
                          0.166179081456445 0.00251662756548969 -0.00869642652092534 1
                        }
                      }
                      <Joint> joint13 {
                        <Transform> {
                          <Matrix4> {
                            0.999661467216056 0.0260115655722351 0.000591117521095215 0
                            -0.0260058021331537 0.999627669753121 -0.00825954716417152 0
                            -0.000805741182820467 0.00824137855138487 0.999965714642616 0
                            0.166185093497217 -0.000518757185902141 -0.0090750286400134 1
                          }
                        }
                        <Joint> joint14 {
                          <Transform> {
                            <Matrix4> {
                              0.99955561459378 -0.0298074386022443 -0.000299896687791016 0
                              -0.0298062731559789 -0.999550119761222 0.00333828786638926 0
                              -0.000399267580811519 -0.0033278655773848 -0.999994382932273 0
                              0.164477847412674 -0.00460515367955296 -0.00924747501072095 1
                            }
                          }
                          <Joint> joint15 {
                            <Transform> {
                              <Matrix4> {
                                0.999578206373479 0.0290405347438999 -0.000238086050319009 0
                                -0.0290413577235515 0.999512742178922 -0.0114401819716755 0
                                -9.42589609960792e-05 0.0114422709179899 0.999934530632625 0
                                0.167792202011531 -0.000383596156138851 0.00942483821684598 1
                              }
                            }
                            <Joint> joint16 {
                              <Transform> {
                                <Matrix4> {
                                  0.99966367353592 0.0259268946708636 -0.000579607967308593 0
                                  -0.0259319086762057 0.999595022684186 -0.0117186491290679 0
                                  0.000275545057575618 0.0117297381781188 0.999931166289557 0
                                  0.166082506360498 -0.00528889391836052 0.00927777152017537 1
                                }
                              }
                              <Joint> joint17 {
                                <Transform> {
                                  <Matrix4> {
                                    0.999718351136125 0.0237298734785726 -0.000333925678454125 0
                                    -0.0237304234685109 0.999716857384862 -0.00175273002479482 0
                                    0.00029223906813379 0.00176016056813138 0.999998408214284 0
                                    0.164266527181881 -0.00953896177599293 0.00908513002466195 1
                                  }
                                }
                                <Joint> joint18 {
                                  <Transform> {
                                    <Matrix4> {
                                      0.999740839186597 0.0227651887273977 2.53906598777543e-05 0
                                      -0.0227641973319671 0.999706541007307 -0.00828391133680359 0
                                      -0.000213968013743646 0.00828118647361154 0.999965687495465 0
                                      0.165620431600398 -0.0135463805042168 0.00915513921129249 1
                                    }
                                  }
                                  <Joint> joint19 {
                                    <Transform> {
                                      <Matrix4> {
                                        0.999743364410487 0.0226464192803892 0.000587376350420102 0
                                        -0.0226457743117749 0.999742965632019 -0.00108239323497736 0
                                        -0.000611737705536659 0.00106881386208372 0.999999241706666 0
                                        0.165276316665353 -0.0173989920666028 0.00900692950532393 1
                                      }
                                    }
                                    <Joint> joint20 {
                                      <Transform> {
                                        <Matrix4> {
                                          0.999815878399984 -0.0191887805571057 0 0
                                          -0.0191872341568985 -0.999735304468936 0.0126953158216664 0
                                          -0.000243607629405109 -0.0126929783398046 -0.999919411230819 0
                                          0.255318244039626 -0.0328858202795111 0.0138833378558067 1
                                        }
                                      }
                                      <VertexRef> {
                                        498 499 500 501 502 503 735 736
                                        737 738 739 740
                                        <Scalar> membership { 0.000624836713541299 }
                                        <Ref> { bodyShape.verts }
                                      }
                                      <VertexRef> {
                                        303 304 305 540 541 542
                                        <Scalar> membership { 0.000722488854080439 }
                                        <Ref> { bodyShape.verts }
                                      }
                                      <VertexRef> {
                                        813 814 815 816 817 818
                                        <Scalar> membership { 0.00104662240482867 }
                                        <Ref> { bodyShape.verts }
                                      }
                                      <VertexRef> {
                                        965 966 967 968 969 970
                                        <Scalar> membership { 0.00105636089574546 }
                                        <Ref> { bodyShape.verts }
                                      }
                                      <VertexRef> {
                                        165 166 167 168 169 170
                                        <Scalar> membership { 0.00111978035420179 }
                                        <Ref> { bodyShape.verts }
                                      }
                                      <VertexRef> {
                                        50 51 52 53 54 55
                                        <Scalar> membership { 0.00113654648885131 }
                                        <Ref> { bodyShape.verts }
                                      }
                                      <VertexRef> {
                                        391 392 393 628 629 630
                                        <Scalar> membership { 0.00225473777391016 }
                                        <Ref> { bodyShape.verts }
                                      }
                                      <VertexRef> {
                                        442 443 444 445 446 447 679 680
                                        681 682 683 684
                                        <Scalar> membership { 0.00413009012117982 }
                                        <Ref> { bodyShape.verts }
                                      }
                                      <VertexRef> {
                                        309 310 311 546 547 548
                                        <Scalar> membership { 0.00473336223512888 }
                                        <Ref> { bodyShape.verts }
                                      }
                                      <VertexRef> {
                                        837 838 839 840 841 842
                                        <Scalar> membership { 0.00666657742112875 }
                                        <Ref> { bodyShape.verts }
                                      }
                                      <VertexRef> {
                                        953 954 955 956 957 958
                                        <Scalar> membership { 0.00672383280470967 }
                                        <Ref> { bodyShape.verts }
                                      }
                                      <VertexRef> {
                                        159 160 161 162 163 164
                                        <Scalar> membership { 0.00720110535621643 }
                                        <Ref> { bodyShape.verts }
                                      }
                                      <VertexRef> {
                                        73 74 75 76 77 78
                                        <Scalar> membership { 0.00730905821546912 }
                                        <Ref> { bodyShape.verts }
                                      }
                                      <VertexRef> {
                                        394 395 396 631 632 633
                                        <Scalar> membership { 0.0123786926269531 }
                                        <Ref> { bodyShape.verts }
                                      }
                                      <VertexRef> {
                                        400 401 637 638
                                        <Scalar> membership { 0.119910575449467 }
                                        <Ref> { bodyShape.verts }
                                      }
                                      <VertexRef> {
                                        488 489 490 491 492 493 725 726
                                        727 728 729 730
                                        <Scalar> membership { 0.161108702421188 }
                                        <Ref> { bodyShape.verts }
                                      }
                                      <VertexRef> {
                                        297 298 299 534 535 536
                                        <Scalar> membership { 0.171950817108154 }
                                        <Ref> { bodyShape.verts }
                                      }
                                      <VertexRef> {
                                        807 808 809 810 811 812
                                        <Scalar> membership { 0.199719175696373 }
                                        <Ref> { bodyShape.verts }
                                      }
                                      <VertexRef> {
                                        1001 1002 1003 1004 1005
                                        <Scalar> membership { 0.200420543551445 }
                                        <Ref> { bodyShape.verts }
                                      }
                                      <VertexRef> {
                                        249 250 251 252 253 254
                                        <Scalar> membership { 0.206350967288017 }
                                        <Ref> { bodyShape.verts }
                                      }
                                      <VertexRef> {
                                        56 57 58 59 60
                                        <Scalar> membership { 0.207589969038963 }
                                        <Ref> { bodyShape.verts }
                                      }
                                      <VertexRef> {
                                        376 377 613 614
                                        <Scalar> membership { 0.407579004764557 }
                                        <Ref> { bodyShape.verts }
                                      }
                                      <VertexRef> {
                                        345 346 347 348 582 583 584 585
                                        <Scalar> membership { 0.480832040309906 }
                                        <Ref> { bodyShape.verts }
                                      }
                                      <VertexRef> {
                                        418 419 420 655 656 657
                                        <Scalar> membership { 0.485262334346771 }
                                        <Ref> { bodyShape.verts }
                                      }
                                      <VertexRef> {
                                        782 783 784 785 786 787
                                        <Scalar> membership { 0.485925108194351 }
                                        <Ref> { bodyShape.verts }
                                      }
                                      <VertexRef> {
                                        778 779 780 781
                                        <Scalar> membership { 0.486799240112305 }
                                        <Ref> { bodyShape.verts }
                                      }
                                      <VertexRef> {
                                        274 275 276 277 278 279
                                        <Scalar> membership { 0.487411111593246 }
                                        <Ref> { bodyShape.verts }
                                      }
                                      <VertexRef> {
                                        280 281 282 283
                                        <Scalar> membership { 0.487993657588959 }
                                        <Ref> { bodyShape.verts }
                                      }
                                      <VertexRef> {
                                        378 615
                                        <Scalar> membership { 0.496724188327789 }
                                        <Ref> { bodyShape.verts }
                                      }
                                    }
                                    <Joint> effector1 {
                                      <Transform> {
                                        <Matrix4> {
                                          1 0 0 0
                                          0 1 0 0
                                          0 0 1 0
                                          0.255318244039626 -0.0328858202795111 0.0138833378558067 1
                                        }
                                      }
                                      <Scalar> visibility { hidden }
                                    }
                                    <VertexRef> {
                                      471 472 473 474 475 476 708 709
                                      710 711 712 713
                                      <Scalar> membership { 0.00158030120655894 }
                                      <Ref> { bodyShape.verts }
                                    }
                                    <VertexRef> {
                                      433 434 435 670 671 672
                                      <Scalar> membership { 0.00182249443605542 }
                                      <Ref> { bodyShape.verts }
                                    }
                                    <VertexRef> {
                                      843 844 845 846 847 848
                                      <Scalar> membership { 0.00263299327343702 }
                                      <Ref> { bodyShape.verts }
                                    }
                                    <VertexRef> {
                                      989 990 991 992 993 994
                                      <Scalar> membership { 0.00265766773372889 }
                                      <Ref> { bodyShape.verts }
                                    }
                                    <VertexRef> {
                                      171 172 173 174 175 176
                                      <Scalar> membership { 0.00276517402380705 }
                                      <Ref> { bodyShape.verts }
                                    }
                                    <VertexRef> {
                                      115 116 117 118 119 120
                                      <Scalar> membership { 0.00280240783467889 }
                                      <Ref> { bodyShape.verts }
                                    }
                                    <VertexRef> {
                                      379 380 381 616 617 618
                                      <Scalar> membership { 0.00571613060310483 }
                                      <Ref> { bodyShape.verts }
                                    }
                                    <VertexRef> {
                                      498 499 500 501 502 503 735 736
                                      737 738 739 740
                                      <Scalar> membership { 0.0185409784317017 }
                                      <Ref> { bodyShape.verts }
                                    }
                                    <VertexRef> {
                                      303 304 305 540 541 542
                                      <Scalar> membership { 0.0208987165242434 }
                                      <Ref> { bodyShape.verts }
                                    }
                                    <VertexRef> {
                                      813 814 815 816 817 818
                                      <Scalar> membership { 0.0281584560871124 }
                                      <Ref> { bodyShape.verts }
                                    }
                                    <VertexRef> {
                                      965 966 967 968 969 970
                                      <Scalar> membership { 0.0283644162118435 }
                                      <Ref> { bodyShape.verts }
                                    }
                                    <VertexRef> {
                                      165 166 167 168 169 170
                                      <Scalar> membership { 0.0295926108956337 }
                                      <Ref> { bodyShape.verts }
                                    }
                                    <VertexRef> {
                                      50 51 52 53 54 55
                                      <Scalar> membership { 0.029928894713521 }
                                      <Ref> { bodyShape.verts }
                                    }
                                    <VertexRef> {
                                      391 392 393 628 629 630
                                      <Scalar> membership { 0.0496820546686649 }
                                      <Ref> { bodyShape.verts }
                                    }
                                    <VertexRef> {
                                      394 395 396 631 632 633
                                      <Scalar> membership { 0.468002885580063 }
                                      <Ref> { bodyShape.verts }
                                    }
                                    <VertexRef> {
                                      73 74 75 76 77 78
                                      <Scalar> membership { 0.479820966720581 }
                                      <Ref> { bodyShape.verts }
                                    }
                                    <VertexRef> {
                                      159 160 161 162 163 164
                                      <Scalar> membership { 0.480094820261002 }
                                      <Ref> { bodyShape.verts }
                                    }
                                    <VertexRef> {
                                      953 954 955 956 957 958
                                      <Scalar> membership { 0.481368362903595 }
                                      <Ref> { bodyShape.verts }
                                    }
                                    <VertexRef> {
                                      837 838 839 840 841 842
                                      <Scalar> membership { 0.481510132551193 }
                                      <Ref> { bodyShape.verts }
                                    }
                                    <VertexRef> {
                                      309 310 311 546 547 548
                                      <Scalar> membership { 0.486405462026596 }
                                      <Ref> { bodyShape.verts }
                                    }
                                    <VertexRef> {
                                      442 443 444 445 446 447 679 680
                                      681 682 683 684
                                      <Scalar> membership { 0.487994432449341 }
                                      <Ref> { bodyShape.verts }
                                    }
                                    <VertexRef> {
                                      378 615
                                      <Scalar> membership { 0.496724188327789 }
                                      <Ref> { bodyShape.verts }
                                    }
                                    <VertexRef> {
                                      280 281 282 283
                                      <Scalar> membership { 0.511507868766785 }
                                      <Ref> { bodyShape.verts }
                                    }
                                    <VertexRef> {
                                      274 275 276 277 278 279
                                      <Scalar> membership { 0.512135684490204 }
                                      <Ref> { bodyShape.verts }
                                    }
                                    <VertexRef> {
                                      778 779 780 781
                                      <Scalar> membership { 0.512802839279175 }
                                      <Ref> { bodyShape.verts }
                                    }
                                    <VertexRef> {
                                      782 783 784 785 786 787
                                      <Scalar> membership { 0.513725817203522 }
                                      <Ref> { bodyShape.verts }
                                    }
                                    <VertexRef> {
                                      418 419 420 655 656 657
                                      <Scalar> membership { 0.514414966106415 }
                                      <Ref> { bodyShape.verts }
                                    }
                                    <VertexRef> {
                                      345 346 347 348 582 583 584 585
                                      <Scalar> membership { 0.518977105617523 }
                                      <Ref> { bodyShape.verts }
                                    }
                                    <VertexRef> {
                                      376 377 613 614
                                      <Scalar> membership { 0.557268261909485 }
                                      <Ref> { bodyShape.verts }
                                    }
                                    <VertexRef> {
                                      56 57 58 59 60
                                      <Scalar> membership { 0.740114212036133 }
                                      <Ref> { bodyShape.verts }
                                    }
                                    <VertexRef> {
                                      249 250 251 252 253 254
                                      <Scalar> membership { 0.741968870162964 }
                                      <Ref> { bodyShape.verts }
                                    }
                                    <VertexRef> {
                                      1001 1002 1003 1004 1005
                                      <Scalar> membership { 0.750930726528168 }
                                      <Ref> { bodyShape.verts }
                                    }
                                    <VertexRef> {
                                      807 808 809 810 811 812
                                      <Scalar> membership { 0.751943826675415 }
                                      <Ref> { bodyShape.verts }
                                    }
                                    <VertexRef> {
                                      400 401 637 638
                                      <Scalar> membership { 0.776147365570068 }
                                      <Ref> { bodyShape.verts }
                                    }
                                    <VertexRef> {
                                      297 298 299 534 535 536
                                      <Scalar> membership { 0.790714621543884 }
                                      <Ref> { bodyShape.verts }
                                    }
                                    <VertexRef> {
                                      488 489 490 491 492 493 725 726
                                      727 728 729 730
                                      <Scalar> membership { 0.805313229560852 }
                                      <Ref> { bodyShape.verts }
                                    }
                                  }
                                  <VertexRef> {
                                    345 346 347 348 582 583 584 585
                                    <Scalar> membership { 0.000163264092407189 }
                                    <Ref> { bodyShape.verts }
                                  }
                                  <VertexRef> {
                                    418 419 420 655 656 657
                                    <Scalar> membership { 0.000275684666121379 }
                                    <Ref> { bodyShape.verts }
                                  }
                                  <VertexRef> {
                                    782 783 784 785 786 787
                                    <Scalar> membership { 0.000298175524221733 }
                                    <Ref> { bodyShape.verts }
                                  }
                                  <VertexRef> {
                                    778 779 780 781
                                    <Scalar> membership { 0.000339690683176741 }
                                    <Ref> { bodyShape.verts }
                                  }
                                  <VertexRef> {
                                    274 275 276 277 278 279
                                    <Scalar> membership { 0.000386946980142966 }
                                    <Ref> { bodyShape.verts }
                                  }
                                  <VertexRef> {
                                    280 281 282 283
                                    <Scalar> membership { 0.000425458565587178 }
                                    <Ref> { bodyShape.verts }
                                  }
                                  <VertexRef> {
                                    378 615
                                    <Scalar> membership { 0.00545977521687746 }
                                    <Ref> { bodyShape.verts }
                                  }
                                  <VertexRef> {
                                    471 472 473 474 475 476 708 709 710
                                    711 712 713
                                    <Scalar> membership { 0.0185827277600765 }
                                    <Ref> { bodyShape.verts }
                                  }
                                  <VertexRef> {
                                    433 434 435 670 671 672
                                    <Scalar> membership { 0.0209547840058804 }
                                    <Ref> { bodyShape.verts }
                                  }
                                  <VertexRef> {
                                    843 844 845 846 847 848
                                    <Scalar> membership { 0.0283832065761089 }
                                    <Ref> { bodyShape.verts }
                                  }
                                  <VertexRef> {
                                    989 990 991 992 993 994
                                    <Scalar> membership { 0.0285992156714201 }
                                    <Ref> { bodyShape.verts }
                                  }
                                  <VertexRef> {
                                    171 172 173 174 175 176
                                    <Scalar> membership { 0.0294581297785044 }
                                    <Ref> { bodyShape.verts }
                                  }
                                  <VertexRef> {
                                    115 116 117 118 119 120
                                    <Scalar> membership { 0.02977155148983 }
                                    <Ref> { bodyShape.verts }
                                  }
                                  <VertexRef> {
                                    376 377 613 614
                                    <Scalar> membership { 0.029985573142767 }
                                    <Ref> { bodyShape.verts }
                                  }
                                  <VertexRef> {
                                    488 489 490 491 492 493 725 726 727
                                    728 729 730
                                    <Scalar> membership { 0.0304122027009726 }
                                    <Ref> { bodyShape.verts }
                                  }
                                  <VertexRef> {
                                    297 298 299 534 535 536
                                    <Scalar> membership { 0.0337420478463173 }
                                    <Ref> { bodyShape.verts }
                                  }
                                  <VertexRef> {
                                    807 808 809 810 811 812
                                    <Scalar> membership { 0.04341184720397 }
                                    <Ref> { bodyShape.verts }
                                  }
                                  <VertexRef> {
                                    1001 1002 1003 1004 1005
                                    <Scalar> membership { 0.0436842143535614 }
                                    <Ref> { bodyShape.verts }
                                  }
                                  <VertexRef> {
                                    249 250 251 252 253 254
                                    <Scalar> membership { 0.046330239623785 }
                                    <Ref> { bodyShape.verts }
                                  }
                                  <VertexRef> {
                                    56 57 58 59 60
                                    <Scalar> membership { 0.0468661934137344 }
                                    <Ref> { bodyShape.verts }
                                  }
                                  <VertexRef> {
                                    379 380 381 616 617 618
                                    <Scalar> membership { 0.0513581298291683 }
                                    <Ref> { bodyShape.verts }
                                  }
                                  <VertexRef> {
                                    400 401 637 638
                                    <Scalar> membership { 0.0951526090502739 }
                                    <Ref> { bodyShape.verts }
                                  }
                                  <VertexRef> {
                                    391 392 393 628 629 630
                                    <Scalar> membership { 0.449799835681915 }
                                    <Ref> { bodyShape.verts }
                                  }
                                  <VertexRef> {
                                    394 395 396 631 632 633
                                    <Scalar> membership { 0.467981666326523 }
                                    <Ref> { bodyShape.verts }
                                  }
                                  <VertexRef> {
                                    50 51 52 53 54 55
                                    <Scalar> membership { 0.469858586788177 }
                                    <Ref> { bodyShape.verts }
                                  }
                                  <VertexRef> {
                                    165 166 167 168 169 170
                                    <Scalar> membership { 0.470210343599319 }
                                    <Ref> { bodyShape.verts }
                                  }
                                  <VertexRef> {
                                    965 966 967 968 969 970
                                    <Scalar> membership { 0.471596390008926 }
                                    <Ref> { bodyShape.verts }
                                  }
                                  <VertexRef> {
                                    813 814 815 816 817 818
                                    <Scalar> membership { 0.471802413463593 }
                                    <Ref> { bodyShape.verts }
                                  }
                                  <VertexRef> {
                                    303 304 305 540 541 542
                                    <Scalar> membership { 0.479079842567444 }
                                    <Ref> { bodyShape.verts }
                                  }
                                  <VertexRef> {
                                    73 74 75 76 77 78
                                    <Scalar> membership { 0.479796946048737 }
                                    <Ref> { bodyShape.verts }
                                  }
                                  <VertexRef> {
                                    159 160 161 162 163 164
                                    <Scalar> membership { 0.480069488286972 }
                                    <Ref> { bodyShape.verts }
                                  }
                                  <VertexRef> {
                                    953 954 955 956 957 958
                                    <Scalar> membership { 0.481328338384628 }
                                    <Ref> { bodyShape.verts }
                                  }
                                  <VertexRef> {
                                    498 499 500 501 502 503 735 736 737
                                    738 739 740
                                    <Scalar> membership { 0.481452912092209 }
                                    <Ref> { bodyShape.verts }
                                  }
                                  <VertexRef> {
                                    837 838 839 840 841 842
                                    <Scalar> membership { 0.481469869613647 }
                                    <Ref> { bodyShape.verts }
                                  }
                                  <VertexRef> {
